1 0 1 1 0 1
2 0 2 2 0 2
3 0 3 3 0 3
4 0 4 4 0 4
5 0 5 5 0 5
6 0 6 6 0 6
7 0 7 7 0 7
8 0 8 8 0 8
9 0 9 9 0 9
10 0 10 10 0 10
2 0 2 1 0 1
3 0 3 1 0 1
4 0 4 1 0 1
5 0 5 2 0 2
3 0 3 2 0 2
3 0 3 4 0 4
6 0 6 7 0 7
7 0 7 8 0 8
8 0 8 9 0 9
10 0 10 9 0 9
3 0 4 2 1 2
4 0 5 3 1 3
5 0 6 4 1 4
6 0 7 5 1 5
7 0 8 6 1 6
8 0 9 7 1 7
9 0 10 8 1 8
1 0 10 8 9 8
1 0 9 7 8 7
1 0 8 6 7 6
3 4 8 4 5 0
7 1 8 4 5 5
5 3 7 7 3 5
0 3 5 5 3 0
1 3 6 6 3 1
0 1 2 2 1 0
9 0 10 8 3 8
10 0 8 4 2 4
5 3 5 7 0 8
10 2 10 6 0 6
1 2 3 4 5 6
0 3 2 9 1 5
2 3 4 5 6 7